21.762	0
64.383	511
64.392	619
64.562	8811
64.659	14480
64.728	15928
71.174	24120
71.213	28960
91.225	30408
92.187	31856
92.508	33304
93.165	34752
93.431	36200
94.348	37648
94.513	39096
95.096	40544
96.074	41992
96.402	43440
97.653	44888
98.103	46336
103.186	47784
103.569	49232
103.829	50680
104.329	52128
110.154	53576
110.471	55024
111.133	56472
111.517	57920
112.184	59368
112.519	60816
114.277	62264
114.479	63712
116.197	65160
116.526	66608
117.143	68056
117.511	69504
118.135	70952
118.512	72400
118.755	73848
119.397	75296
120.163	76744
120.501	78192
121.078	79640
121.443	81088
146.139	82536
146.520	83984
147.081	85432
147.509	86880
148.183	88328
148.566	89776
149.397	91224
149.773	92672
150.143	94120
151.218	95568
151.421	97016
152.532	98464
152.747	99912
153.118	101360
153.393	102808
154.284	104256
154.431	105704
155.205	107152
156.137	108600
157.189	110048
157.430	111496
158.207	112944
158.379	114392
159.189	115840
159.443	117288
160.191	118736
160.433	120184
161.207	121632
162.137	123080
163.185	124528
163.439	125976
169.265	133216
182.259	134664
183.224	136112
183.421	137560
184.471	139008
189.359	140456
190.440	143352
191.482	146248
192.171	147696
193.181	149144
194.137	150592
194.433	152040
195.250	153488
195.542	154936
196.637	157832
197.406	159280
204.432	162176
214.195	165072
214.564	166520
214.820	167968
215.184	169416
215.523	170864
215.826	172312
216.036	173760
216.523	175208
216.655	176656
218.091	179552
218.610	181000
218.764	182448
219.256	183896
219.438	185344
219.884	186792
220.013	188240
226.418	191136
227.451	194032
228.389	196928
229.203	198376
230.422	199824
230.711	201272
231.369	202720
231.680	204168
232.344	205616
232.712	207064
233.632	208512
234.505	209960
234.751	211408
235.125	212856
235.429	214304
236.373	217200
237.272	218648
237.420	220096
238.328	221544
238.505	222992
239.310	224440
239.490	225888
240.466	227336
240.695	228784
242.149	230232
242.437	231680
244.149	233128
245.180	234576
253.392	236024
254.188	237472
254.506	238920
255.173	240368
257.708	241816
257.837	243264
258.312	244712
258.468	246160
258.932	247608
259.435	249056
259.840	250504
260.330	251952
260.709	253400
261.275	254848
261.637	256296
262.226	257744
262.592	259192
263.340	260640
266.110	262088
267.163	263536
268.278	264984
269.172	266432
269.492	267880
270.380	269328
271.277	270776
271.514	272224
277.242	273672
277.549	275120
277.878	276568
278.101	278016
278.484	279464
278.728	280912
279.235	282360
279.397	283808
279.859	285256
279.992	286704
280.801	289600
281.435	292496
284.405	295392
285.432	298288
286.479	301184
287.256	302632
287.450	304080
288.179	305528
288.456	306976
289.300	308424
289.446	309872
290.264	311320
290.392	312768
292.328	314216
292.404	315664
293.335	316497
