16.811	0
81.453	511
81.460	619
108.125	8811
108.217	14480
134.304	15928
134.511	17376
137.041	18824
137.344	20272
137.655	21720
138.303	23168
141.352	24616
141.606	26064
143.430	27512
143.720	28960
166.282	30408
166.426	31856
166.921	33304
167.052	34752
167.582	36200
167.716	37648
193.551	40544
194.547	43440
195.416	44888
195.651	46336
196.369	47784
196.677	49232
197.348	50680
197.673	52128
205.404	53576
205.706	55024
206.347	56472
206.759	57920
209.330	59368
209.617	60816
233.390	62264
233.727	63712
233.839	65160
234.332	66608
234.503	68056
234.918	69504
235.395	70952
235.677	72400
236.450	73848
236.666	75296
261.275	76744
261.561	78192
261.859	79640
262.174	81088
262.427	82536
262.811	83984
263.092	85432
263.406	86880
263.782	88328
264.144	89776
269.191	91224
270.076	94120
270.573	95568
270.783	97016
271.161	98464
273.602	101360
299.614	104256
300.379	105704
300.509	107152
301.387	108600
301.518	110048
302.556	112944
303.516	115840
304.394	117288
304.534	118736
336.025	121632
336.441	123080
336.632	124528
337.212	127424
337.753	128872
337.905	130320
338.363	131768
338.587	133216
339.447	136112
339.978	137560
340.107	139008
341.497	140456
341.580	141904
343.114	144800
354.584	147696
355.387	149144
355.594	150592
356.465	153488
358.294	154936
359.569	156384
364.536	157832
364.787	159280
365.189	160728
365.346	162176
389.437	163624
389.639	165072
390.332	166520
390.519	167968
391.790	169416
391.896	170864
392.572	172312
392.828	173760
393.298	175208
393.560	176656
394.427	178104
394.679	179552
395.568	181000
395.642	182448
396.611	183896
396.776	185344
398.008	186792
398.121	188240
402.523	191136
405.398	192584
405.530	194032
407.562	195480
408.288	196928
408.696	198376
409.412	199824
412.369	201272
412.500	202720
416.358	204168
416.489	205616
427.467	208512
441.155	209960
441.355	211408
442.489	212856
443.290	214304
443.649	215752
444.397	217200
446.513	218648
447.987	220096
448.280	221544
448.423	222992
451.570	225888
452.795	228784
453.613	230232
453.776	231680
454.568	234576
455.535	237472
456.384	238920
456.542	240368
458.412	241816
459.296	243264
460.271	244712
461.180	246160
463.832	247608
464.880	249056
467.473	251952
483.478	253400
484.266	254848
493.523	256296
494.643	259192
495.327	260640
495.701	262088
496.426	263536
499.921	264984
500.040	266432
500.518	267880
500.620	269328
501.455	270776
501.595	272224
503.538	273672
504.409	275120
510.588	276568
514.113	278016
514.430	279464
516.314	280912
532.260	282360
532.381	283808
532.820	285256
533.012	286704
533.439	288152
533.611	289600
534.088	291048
534.229	292496
534.789	293944
534.899	295392
535.883	298288
536.100	299736
536.561	301184
536.744	302632
537.649	304080
545.217	305528
545.562	306976
545.817	308424
546.236	309872
546.372	311320
546.866	312768
547.011	314216
547.471	315664
547.604	316497
