17.550	0
81.811	511
81.817	619
81.959	1448
82.719	2896
83.054	4344
83.825	5792
84.833	8198
85.967	11094
86.861	12542
87.083	13990
141.752	15438
141.973	16886
143.707	18334
144.006	19782
144.717	21230
145.066	22678
146.258	24126
146.764	25574
147.708	27022
148.637	28470
149.623	29918
150.768	31366
151.755	32814
152.815	34262
153.608	35710
153.974	37158
158.743	38606
159.184	40054
159.473	41502
159.805	42950
204.713	44398
205.467	45846
205.688	47294
206.120	48742
207.408	50190
207.630	51638
208.131	54534
208.931	55982
209.071	57430
210.775	58878
211.713	60326
214.736	61774
214.874	63222
215.760	64670
215.891	66118
216.760	67566
216.938	69014
217.790	70462
218.664	71910
219.006	73358
219.640	74806
238.985	76254
239.197	77702
239.946	80598
253.765	82046
254.687	83494
255.082	84942
255.725	86390
256.162	87838
261.253	89286
261.624	90734
261.903	92182
262.243	93630
262.499	95078
262.868	96526
263.479	99422
263.792	100870
264.163	102318
269.427	103766
269.642	105214
270.229	108110
270.695	109558
271.155	111006
271.323	112454
271.764	113902
272.998	116798
273.814	118246
273.971	119694
275.059	121142
275.781	122590
276.772	124038
276.956	125486
277.716	126934
295.721	128382
296.098	129830
297.706	131278
298.020	132726
306.759	134174
307.017	135622
307.783	137070
308.072	138518
308.871	139966
309.751	141414
311.727	142862
312.964	145758
313.779	147206
314.680	148654
314.994	150102
315.742	151550
316.042	152998
316.755	154446
317.025	155894
317.641	157342
318.223	158790
318.929	160238
319.300	161686
319.679	163134
320.859	166030
321.754	167478
321.893	168926
322.725	170374
322.873	171822
323.838	174718
324.608	176166
326.569	177614
327.620	179062
328.575	180510
329.124	181958
334.970	183406
335.286	184854
335.553	186302
335.898	187750
341.621	189198
342.019	190646
344.286	192094
344.678	193542
351.656	194990
352.015	196438
352.662	197886
353.101	199334
353.767	200782
354.129	202230
355.132	203678
355.490	205126
355.765	206574
356.101	208022
356.873	209470
357.189	210918
357.667	212366
357.975	213814
358.876	215262
359.226	216710
360.082	218158
360.406	219606
360.728	221054
361.028	222502
362.896	223950
363.217	225398
363.637	226846
363.993	228294
364.636	229742
365.015	231190
370.185	232638
370.529	234086
370.753	235534
371.111	236982
371.319	238430
371.713	239878
372.009	241326
372.361	242774
372.652	244222
372.916	245670
374.642	247118
375.704	248566
375.911	250014
376.789	251462
377.679	252910
378.675	254358
378.892	255806
380.044	257254
380.615	258702
381.683	260150
382.614	261598
382.986	263046
383.669	264494
384.039	265942
384.706	267390
385.101	268838
385.583	270286
385.971	271734
386.832	273182
387.199	274630
387.420	276078
387.826	277526
388.117	278974
388.743	280422
388.968	281870
389.694	283318
390.693	284766
390.976	286214
391.888	287662
392.940	289110
393.159	290558
393.818	292006
394.052	293454
394.693	294902
394.958	296350
395.696	297798
395.890	299246
396.684	300694
396.892	302142
397.687	303590
397.887	305038
398.653	306486
398.928	307934
399.830	309382
400.053	310830
400.762	312278
400.932	313726
401.670	315174
401.937	316497
