16.657	0
48.387	511
48.409	619
48.853	1448
49.097	2896
49.442	4344
49.811	5792
50.056	7240
50.916	8688
50.994	10136
51.814	11584
52.123	13032
53.130	14480
109.864	15928
111.955	20272
116.964	23168
117.806	24616
118.745	26064
123.926	27512
124.028	28960
124.504	30408
124.778	31856
125.103	33304
125.410	34752
125.723	36200
125.993	37648
126.380	39096
126.624	40544
132.931	41992
132.996	43440
147.872	44888
174.852	46336
187.109	49232
187.817	50680
188.931	52128
222.098	55024
228.624	57920
228.912	59368
229.253	60816
229.669	62264
229.873	63712
230.273	65160
239.042	66608
239.237	68056
239.586	69504
240.008	70952
240.150	72400
240.625	73848
240.757	75296
241.253	76744
241.391	78192
241.918	79640
242.077	81088
245.845	82536
245.977	83984
251.050	86880
251.840	88328
251.966	89776
252.985	92672
253.924	95568
267.013	98464
282.017	99912
282.064	101360
283.846	102808
284.034	104256
289.820	105704
290.828	107152
291.690	108600
291.988	110048
292.896	111496
293.653	112944
294.964	114392
295.981	115840
296.481	117288
296.639	118736
297.026	120184
297.713	121632
301.979	123080
302.122	124528
302.546	125976
302.753	127424
307.739	128872
307.990	130320
309.774	131768
310.704	133216
311.755	134664
316.737	136112
317.084	137560
317.864	139008
328.813	140456
328.860	141904
346.830	143352
346.956	144800
347.743	146248
348.002	147696
350.234	149144
350.296	150592
351.568	153488
352.139	154936
352.313	156384
352.711	157832
352.962	159280
356.851	160728
357.823	162176
358.111	163624
358.875	165072
359.193	166520
360.128	167968
360.509	169416
360.727	170864
361.133	172312
362.083	173760
362.913	175208
363.162	176656
363.955	178104
364.187	179552
365.550	181000
365.846	182448
366.149	183896
366.377	185344
370.857	186792
371.714	188240
382.866	189688
383.784	191136
384.064	192584
384.817	194032
386.760	195480
387.007	196928
391.911	199824
392.743	201272
392.965	202720
393.730	204168
394.038	205616
403.230	208512
403.738	209960
403.997	211408
404.384	212856
404.924	214304
406.791	215752
407.715	217200
408.765	218648
409.746	220096
410.057	221544
410.741	222992
411.803	224440
412.749	225888
416.883	228784
417.804	230232
418.047	231680
418.945	233128
419.176	234576
419.805	236024
420.695	237472
423.871	238920
425.826	240368
428.119	241816
428.215	243264
431.915	246160
442.952	247608
443.133	249056
443.789	250504
444.068	251952
445.716	253400
446.072	254848
452.881	256296
453.811	257744
454.011	259192
454.750	260640
455.009	262088
455.740	263536
456.002	264984
456.739	266432
460.779	267880
461.797	269328
462.015	270776
462.792	272224
463.040	273672
463.819	275120
464.041	276568
464.791	278016
466.771	279464
467.732	280912
467.954	282360
468.722	283808
471.693	285256
472.873	286704
474.031	289600
478.850	291048
479.846	292496
479.954	293944
480.810	295392
484.731	296840
485.112	298288
493.721	299736
494.052	301184
494.828	302632
495.707	304080
496.708	305528
497.194	306976
498.715	308424
499.701	309872
505.843	311320
506.346	312768
508.408	314216
508.801	315664
508.933	316497
