16.957	0
45.627	511
45.635	619
45.798	2896
46.460	4344
46.779	5792
47.679	7240
47.901	8198
48.229	9646
48.571	11094
49.223	12542
49.501	13990
63.378	15438
63.734	16886
64.452	18334
64.738	19782
65.418	21230
66.698	22678
66.910	24126
67.174	25574
67.547	27022
68.337	28470
68.644	29918
69.284	31366
69.653	32814
70.328	34262
70.696	35710
71.320	37158
71.698	38606
72.347	40054
72.737	41502
73.228	42950
81.681	44398
81.797	45846
82.310	47294
82.570	48742
83.377	50190
84.647	51638
85.002	53086
85.297	54534
85.636	55982
86.367	57430
86.721	58878
87.446	60326
87.847	61774
88.304	63222
88.683	64670
89.377	66118
89.741	67566
90.246	69014
90.638	70462
91.340	71910
91.758	73358
92.479	74806
92.838	76254
93.184	77702
93.574	79150
99.924	80598
100.186	82046
100.493	83494
100.822	84942
101.438	86390
101.658	87838
103.108	90734
103.549	92182
103.781	93630
109.058	96526
109.555	97974
109.675	99422
110.177	100870
110.308	102318
110.748	103766
110.924	105214
111.307	106662
111.548	108110
117.894	109558
117.970	111006
118.532	113902
119.067	115350
119.223	116798
119.680	118246
119.812	119694
120.340	121142
120.468	122590
121.041	124038
121.189	125486
121.670	126934
121.880	128382
122.279	129830
140.776	131278
140.906	132726
141.414	134174
141.628	135622
142.355	137070
142.508	138518
143.387	139966
143.540	141414
144.340	142862
144.470	144310
145.465	147206
146.339	148654
146.486	150102
147.352	151550
147.486	152998
148.327	154446
148.521	155894
149.323	157342
149.476	158790
150.333	160238
150.465	161686
151.331	163134
151.461	164582
152.427	167478
153.335	168926
153.488	170374
154.453	173270
182.075	174718
182.212	176166
182.693	177614
182.838	179062
183.857	181958
184.342	183406
184.555	184854
184.977	186302
185.135	187750
185.607	189198
185.761	190646
186.228	192094
186.384	193542
186.978	194990
188.544	196438
188.765	197886
189.085	199334
189.480	200782
189.651	202230
190.130	203678
190.269	205126
190.779	206574
191.229	208022
191.596	209470
192.321	210918
192.688	212366
193.210	213814
193.593	215262
194.664	216710
219.004	218158
219.795	219606
220.183	221054
220.372	222502
220.807	223950
220.951	225398
221.435	226846
221.628	228294
222.080	229742
222.211	231190
222.681	232638
223.396	234086
223.640	235534
223.943	236982
224.342	238430
224.498	239878
224.896	241326
225.139	242774
225.518	244222
225.744	245670
226.440	247118
227.458	248566
227.821	250014
228.418	251462
228.828	252910
229.369	254358
229.703	255806
230.264	257254
230.644	258702
231.459	260150
231.832	261598
232.325	263046
232.625	264494
233.394	265942
233.770	267390
252.336	268838
252.603	270286
253.572	271734
255.284	273182
256.249	274630
258.192	276078
258.689	277526
259.278	278974
259.683	280422
260.450	281870
260.734	283318
261.405	284766
261.838	286214
262.240	287662
262.674	289110
263.233	290558
263.637	292006
264.394	293454
264.752	294902
265.242	296350
265.606	297798
266.275	299246
266.594	300694
267.264	302142
267.622	303590
268.206	305038
268.597	306486
269.195	307934
269.602	309382
270.203	310830
270.669	312278
271.288	313726
271.699	315174
272.289	316497
