17.051	0
46.054	511
46.076	619
46.528	1448
46.856	2896
47.139	4344
47.847	5792
48.154	7240
49.254	8198
49.582	9646
49.872	11094
50.198	12542
50.505	13990
78.774	15438
79.741	16886
80.025	18334
80.803	19782
81.155	21230
81.706	22678
82.061	24126
82.702	25574
83.072	27022
83.678	28470
84.723	29918
85.678	31366
86.033	32814
86.685	34262
87.042	35710
87.731	37158
88.047	38606
88.702	40054
89.057	41502
93.787	42950
137.725	44398
138.284	45846
139.743	47294
140.065	48742
140.847	50190
141.152	51638
142.695	53086
143.729	54534
143.999	55982
144.734	57430
145.065	58878
145.751	60326
146.019	61774
146.757	63222
147.025	64670
147.748	66118
148.011	67566
148.733	69014
149.002	70462
149.721	71910
150.696	73358
151.060	74806
151.689	76254
152.285	77702
152.806	79150
153.159	80598
189.731	82046
190.736	83494
203.502	84942
203.859	86390
204.170	87838
204.484	89286
204.795	90734
205.122	92182
205.410	93630
206.718	95078
207.045	96526
207.359	97974
207.788	99422
208.105	100870
209.190	102318
209.526	103766
210.713	105214
211.723	106662
211.994	108110
212.728	109558
212.998	111006
213.673	112454
216.650	113902
217.683	115350
218.008	116798
218.701	118246
218.981	119694
219.705	121142
219.975	122590
220.924	124038
239.715	125486
240.069	126934
261.683	128382
262.738	129830
264.752	131278
269.822	132726
270.123	134174
270.393	135622
270.748	137070
271.019	138518
271.376	139966
271.686	141414
272.006	142862
272.283	144310
272.632	145758
272.932	147206
273.264	148654
273.536	150102
273.875	151550
274.231	152998
274.780	154446
275.094	155894
275.974	157342
276.257	158790
278.751	160238
279.688	161686
280.035	163134
280.723	164582
281.074	166030
281.348	167478
281.754	168926
281.988	170374
304.748	171822
305.050	173270
311.891	174718
312.674	176166
319.734	177614
320.730	179062
321.052	180510
321.312	181958
322.048	183406
322.319	184854
322.937	186302
323.210	187750
323.772	189198
324.081	190646
324.729	192094
325.005	193542
325.712	194990
325.981	196438
326.688	197886
326.975	199334
327.735	200782
328.012	202230
328.797	203678
329.068	205126
331.705	206574
332.031	208022
332.703	209470
332.980	210918
334.921	212366
335.205	213814
335.836	215262
336.106	216710
350.737	218158
351.689	219606
354.719	221054
355.674	222502
361.090	223950
361.764	225398
362.724	226846
363.678	228294
364.729	229742
365.694	231190
366.699	232638
367.708	234086
372.272	235534
372.578	236982
372.892	238430
373.213	239878
373.491	241326
373.840	242774
375.205	244222
375.512	245670
375.782	247118
376.137	248566
376.863	250014
377.217	251462
378.394	252910
378.717	254358
379.702	255806
380.840	257254
381.028	258702
381.720	260150
382.027	261598
382.692	263046
383.660	264494
384.684	265942
395.669	267390
396.060	268838
401.310	270286
401.670	271734
401.937	273182
402.443	274630
402.559	276078
402.922	277526
403.170	278974
403.523	280422
408.522	281870
408.878	283318
410.440	284766
410.758	286214
411.025	287662
411.842	289110
412.658	290558
413.025	292006
413.691	293454
414.035	294902
415.639	296350
415.992	297798
416.670	299246
417.024	300694
418.705	302142
419.026	303590
419.662	305038
420.016	306486
421.656	307934
421.994	309382
422.710	310830
423.697	312278
424.710	313726
425.064	315174
425.704	316497
