16.340	0
138.186	511
138.211	619
138.766	8811
138.913	14480
160.642	17376
160.858	25568
160.950	31856
177.720	40048
177.800	43440
178.861	51632
178.905	55024
196.738	63216
196.826	69504
197.931	77696
197.988	83984
221.184	92176
221.368	92672
227.461	95568
228.331	103760
228.465	110048
235.687	112944
237.608	121136
237.740	124528
247.661	127424
248.044	135616
248.131	141904
248.463	147696
252.129	155888
252.316	162176
253.566	167968
264.538	176160
264.718	183896
266.463	192088
266.636	200280
266.732	204168
267.187	212360
267.279	214304
268.016	217200
270.592	225392
270.722	233584
270.808	234576
282.767	238920
288.258	247112
288.432	255304
288.523	263496
288.606	271688
288.691	279880
288.794	286704
289.560	294896
289.705	303088
289.794	304080
301.276	306976
306.135	312768
308.846	320960
309.040	329152
309.130	330144
309.828	338336
310.010	344624
310.464	350891
