22.288	0
74.870	511
74.877	619
75.137	2896
75.852	4344
76.279	5792
76.806	7240
77.327	8688
77.791	10136
78.388	11584
78.745	13032
79.107	14480
117.318	15928
117.620	17376
117.927	18824
118.383	20272
127.912	21720
128.155	23168
128.861	24616
129.245	26064
130.459	27512
130.596	28960
131.144	30408
131.470	31856
132.481	33304
132.972	34752
133.632	36200
134.013	37648
134.656	39096
134.971	40544
135.739	41992
135.926	43440
164.519	46336
165.308	47784
165.514	49232
165.993	50680
166.631	52128
173.930	53576
174.928	55024
178.037	57920
178.831	59368
179.137	60816
180.824	62264
181.054	63712
182.028	65160
182.272	66608
183.669	68056
183.862	69504
184.377	70952
184.798	72400
185.042	73848
185.714	75296
186.695	76744
187.158	78192
191.834	79640
192.138	81088
219.706	82536
219.977	83984
220.411	85432
221.055	86880
221.354	88328
231.062	89776
231.237	91224
231.954	92672
232.437	94120
233.513	95568
234.308	97016
235.002	98464
235.368	99912
236.036	101360
236.395	102808
237.010	104256
237.207	105704
237.670	107152
238.141	108600
238.731	110048
239.166	111496
239.476	112944
240.113	114392
240.916	115840
241.800	117288
242.418	118736
242.709	120184
243.402	121632
243.781	123080
244.420	124528
244.599	125976
245.209	127424
245.595	128872
246.032	130320
246.484	131768
247.056	133216
247.390	134664
248.009	136112
248.349	137560
249.112	139008
249.424	140456
250.175	141904
250.545	143352
251.056	144800
314.047	146248
314.592	147696
315.162	149144
315.980	157336
316.086	165528
316.175	173720
316.259	181912
316.348	190104
316.429	198296
316.512	206488
316.595	212856
414.966	221048
415.275	229240
415.368	237432
415.449	245624
415.572	253816
415.849	262008
415.951	270200
416.038	278016
416.149	279464
416.780	280912
417.379	282360
417.914	283808
418.316	285256
451.810	286704
452.275	288152
452.829	289600
453.102	291048
453.952	292496
454.175	293944
454.875	295392
455.639	296840
455.857	298288
456.496	299736
456.936	301184
457.524	302632
457.748	304080
458.373	305528
459.953	306976
460.419	308424
460.884	309872
461.123	311320
461.708	312768
461.970	314216
462.811	316497
