16.668	0
41.439	511
41.465	619
42.306	5792
42.921	7240
43.232	8688
44.326	11584
44.920	13032
45.126	14480
58.952	15928
59.324	17376
59.725	18824
60.078	20272
60.918	21720
61.241	23168
61.831	24616
62.187	26064
63.094	27512
63.493	28960
63.775	30408
64.126	31856
64.720	33304
65.083	34752
65.696	36200
66.064	37648
66.685	39096
67.078	40544
67.737	41992
68.120	43440
76.292	44888
76.780	46336
76.954	47784
77.946	50680
78.819	52128
78.956	53576
84.062	55024
84.280	56472
84.738	57920
84.932	59368
85.229	60816
85.626	62264
85.852	63712
86.259	65160
86.459	66608
86.757	68056
92.531	70952
93.033	72400
93.239	73848
93.580	75296
93.992	76744
94.130	78192
94.651	79640
94.800	81088
95.281	82536
95.629	83984
95.985	85432
96.208	86880
96.597	88328
96.835	89776
108.555	92672
109.055	94120
109.220	95568
110.141	97016
110.280	98464
114.610	101360
114.993	102808
115.295	104256
116.465	105704
116.599	107152
117.104	108600
117.236	110048
118.002	111496
118.209	112944
118.924	114392
119.061	115840
120.625	117288
120.757	118736
121.253	120184
121.437	121632
121.863	123080
122.039	124528
127.736	127424
128.185	128872
128.346	130320
128.819	131768
129.586	133216
129.827	134664
130.142	136112
130.540	137560
130.672	139008
131.102	140456
131.374	141904
131.709	143352
131.925	144800
132.314	146248
132.669	147696
133.045	149144
133.299	150592
133.797	152040
133.929	153488
134.545	156384
152.626	159280
153.103	160728
153.337	162176
154.027	163624
154.233	165072
154.934	166520
155.221	167968
156.635	170864
157.090	172312
157.292	173760
158.043	175208
158.257	176656
158.785	178104
159.096	179552
159.868	181000
160.082	182448
161.203	183896
161.405	185344
162.031	186792
162.101	188240
163.008	189688
163.360	191136
163.927	192584
164.243	194032
165.066	195480
165.290	196928
166.458	199824
166.708	201272
167.214	202720
167.686	204168
168.091	205616
168.721	207064
169.086	208512
169.329	209960
170.732	211408
170.970	212856
171.399	214304
172.099	215752
172.514	217200
172.671	218648
173.775	220096
174.073	221544
174.858	222992
174.991	224440
175.849	225888
175.972	227336
176.772	228784
177.007	230232
177.886	231680
178.050	233128
178.787	234576
179.070	236024
180.262	237472
180.580	238920
180.884	240368
181.196	241816
181.649	243264
182.076	244712
183.083	246160
183.480	247608
183.787	249056
184.076	250504
184.812	251952
185.221	253400
185.865	254848
186.279	256296
186.830	257744
187.182	259192
187.702	260640
188.077	262088
188.876	263536
189.259	264984
196.093	266432
196.613	267880
197.444	269328
197.678	270776
198.023	272224
198.398	273672
198.556	275120
199.059	276568
199.288	278016
199.562	279464
199.810	280912
200.220	282360
200.466	283808
221.780	286704
222.114	288152
222.429	289600
222.791	291048
222.947	292496
223.448	293944
230.071	295392
230.334	296840
230.504	298288
231.004	299736
231.262	301184
244.975	304080
245.340	305528
245.739	306976
245.967	308424
246.291	309872
246.715	311320
246.894	312768
247.338	314216
247.476	315664
248.049	316497
