17.153	0
90.743	511
90.759	619
91.068	1448
91.550	2896
91.781	4344
92.575	5792
92.814	7240
93.759	8198
93.948	9646
94.632	11094
95.769	13990
148.609	15438
148.860	16886
149.504	18334
149.779	19782
150.464	21230
150.898	22678
155.605	24126
156.191	25574
156.284	27022
156.729	28470
156.873	29918
157.332	31366
163.324	32814
163.621	34262
163.908	35710
164.344	37158
164.476	38606
164.935	40054
165.071	41502
165.515	42950
201.622	44398
202.754	47294
203.440	48742
203.774	50190
204.551	51638
204.684	53086
205.662	54534
207.522	55982
208.662	57430
214.694	58878
215.785	61774
216.739	63222
220.685	64670
221.571	66118
222.240	67566
222.484	69014
223.638	70462
223.820	71910
225.100	73358
225.400	74806
225.711	76254
226.051	77702
228.452	79150
232.241	80598
243.744	83494
245.190	86390
245.478	87838
245.822	89286
246.805	90734
246.901	92182
247.721	93630
248.459	95078
249.595	96526
249.715	97974
250.591	99422
250.801	100870
251.676	102318
251.975	103766
252.630	105214
252.954	106662
253.695	108110
254.025	109558
254.375	111006
254.870	112454
259.795	113902
260.080	115350
260.297	116798
260.738	118246
260.872	119694
261.493	122590
261.984	124038
306.450	132230
306.625	140422
306.713	148614
306.795	156806
306.884	164998
307.047	170374
307.533	171822
308.528	173270
308.813	174718
309.513	176166
322.720	177614
323.594	179062
323.876	180510
324.512	181958
324.830	183406
325.549	184854
325.924	186302
326.639	187750
326.996	189198
327.447	190646
327.863	192094
332.802	193542
333.254	194990
333.387	196438
333.863	197886
334.010	199334
334.479	200782
335.113	202230
335.524	203678
335.660	205126
340.593	206574
341.424	208022
341.788	209470
342.494	210918
342.803	212366
344.157	213814
344.448	215262
344.774	216710
345.089	218158
345.569	219606
345.873	221054
346.513	222502
350.502	223950
350.799	225398
496.752	226846
497.718	228294
498.625	229742
498.840	231190
499.927	232638
500.000	234086
500.846	235534
501.095	243726
501.198	251918
501.287	260110
501.376	268302
501.466	276494
501.567	280422
527.723	281870
529.848	284766
530.576	286214
530.783	287662
531.682	289110
531.885	290558
537.725	293454
538.010	294902
538.431	296350
538.652	297798
539.069	299246
539.284	300694
539.558	302142
540.125	305038
540.757	306486
541.512	307934
554.714	310830
557.487	312278
558.422	313726
558.715	315174
559.173	316497
