25.136	0
90.507	511
90.515	619
90.673	8811
90.708	14480
102.224	15928
103.144	17376
103.520	18824
104.183	20272
105.218	21720
105.489	23168
105.972	24616
106.448	26064
107.044	27512
107.360	28960
136.625	30408
148.143	31856
149.170	33304
149.457	34752
150.182	36200
150.409	37648
151.156	39096
151.488	40544
154.307	41992
154.414	43440
155.242	44888
155.505	46336
156.275	47784
157.069	49232
158.166	50680
159.049	52128
159.585	53576
160.282	55024
160.687	56472
161.070	57920
161.801	59368
162.117	60816
183.290	62264
183.816	63712
198.590	66608
204.261	68056
204.541	69504
205.133	70952
205.562	72400
206.338	73848
206.558	75296
206.918	76744
207.352	78192
209.203	79640
209.445	81088
210.043	82536
211.328	83984
211.481	85432
212.124	86880
212.606	88328
213.254	89776
213.585	91224
214.593	92672
214.923	94120
215.782	95568
216.201	97016
216.609	98464
235.251	99912
236.319	101360
244.461	104256
245.399	105704
245.871	107152
249.243	108600
250.240	110048
252.162	111496
252.484	112944
252.836	114392
253.482	115840
253.709	117288
254.474	118736
254.825	120184
255.467	121632
256.154	123080
257.266	124528
258.208	125976
259.388	127424
260.219	128872
260.739	130320
261.100	131768
264.628	133216
266.627	134664
274.104	136112
279.124	137560
281.245	139008
286.500	140456
287.291	141904
287.759	143352
288.474	144800
289.395	146248
289.650	147696
290.692	149144
291.181	150592
336.780	152040
337.103	160232
337.146	168424
337.177	176616
337.210	184808
337.243	193000
337.274	201192
337.306	209384
337.334	209960
341.235	211408
346.177	212856
346.513	214304
347.172	215752
347.617	217200
348.353	218648
349.208	220096
349.972	221544
350.484	222992
361.519	224440
362.371	225888
363.239	227336
363.559	228784
364.166	230232
364.720	231680
365.408	233128
365.733	234576
366.319	236024
366.709	237472
367.260	238920
367.809	240368
368.206	241816
369.043	243264
374.137	244712
374.664	246160
376.672	247608
376.837	249056
377.540	250504
377.744	251952
378.347	253400
378.708	254848
379.357	256296
379.872	257744
380.490	259192
380.635	260640
384.428	263536
390.347	264984
390.524	266432
392.335	267880
392.517	269328
395.945	270776
396.781	272224
397.349	273672
398.656	275120
399.735	276568
401.934	278016
402.228	279464
402.524	280912
403.080	282360
403.333	283808
408.892	286704
409.562	288152
409.792	289600
410.655	291048
411.327	292496
411.605	293944
411.919	295392
412.522	296840
412.909	298288
413.475	299736
414.117	301184
414.530	302632
414.782	304080
419.340	305528
420.195	306976
421.234	308424
422.204	309872
426.127	311320
427.030	312768
429.397	315664
429.895	316497
